0  0  31399.01 99  000000.00 095809.9 
0  0  31397.06 99  000000.00 095953.2 
2  0  31383.07 99  000000.00 100016.5 
4  0  31373.99 99  000000.00 100033.1 
6  0  31205.05 09  000000.00 100049.1 
8  0  31365.96 99  000000.00 100104.6 
10  0  31361.84 99  000000.00 100122.5 
12  0  31358.72 99  000000.00 100141.8 
14  0  31355.31 99  000000.00 100154.9 
16  0  31342.50 99  000000.00 100210.8 
18  0  31336.94 99  000000.00 100227.9 
20  0  31333.62 99  000000.00 100243.4 
22  0  31341.35 99  000000.00 100259.9 
24  0  31350.20 99  000000.00 100322.5 
26  0  31353.53 99  000000.00 100335.9 
28  0  31345.97 99  000000.00 100351.8 
30  0  31330.78 99  000000.00 100406.0 
32  0  31326.07 99  000000.00 100420.8 
34  0  31324.98 99  000000.00 100433.6 
36  0  31321.08 99  000000.00 100447.3 
38  0  31316.20 99  000000.00 100459.7 
40  0  31312.59 99  000000.00 100510.9 
42  0  31318.05 99  000000.00 100522.3 
44  0  31323.75 99  000000.00 100536.9 
46  0  31327.76 99  000000.00 100553.4 
48  0  31334.80 99  000000.00 100606.6 
50  0  31342.87 99  000000.00 100619.4 
52  0  31346.84 99  000000.00 100632.4 
54  0  31347.96 99  000000.00 100649.6 
54  5  31335.15 99  000000.00 100757.3 
52  5  31335.73 99  000000.00 100826.0 
50  5  31335.17 99  000000.00 100842.6 
48  5  31333.25 99  000000.00 100859.0 
46  5  31332.76 99  000000.00 100911.4 
44  5  31331.69 99  000000.00 100929.7 
42  5  31336.26 99  000000.00 100948.4 
40  5  31340.01 99  000000.00 101002.4 
38  5  31344.57 99  000000.00 101016.3 
36  5  31351.89 99  000000.00 101030.8 
34  5  31353.49 99  000000.00 101042.7 
32  5  31356.03 99  000000.00 101053.5 
30  5  31355.27 99  000000.00 101105.0 
28  5  31348.66 99  000000.00 101114.7 
26  5  31349.85 99  000000.00 101123.4 
24  5  31350.00 99  000000.00 101133.7 
22  5  31346.65 99  000000.00 101143.2 
20  5  31340.19 99  000000.00 101155.7 
18  5  31332.61 99  000000.00 101205.8 
16  5  31331.97 99  000000.00 101215.1 
14  5  31334.15 99  000000.00 101226.6 
12  5  31343.15 99  000000.00 101235.6 
10  5  31360.77 99  000000.00 101244.8 
8  5  31377.87 99  000000.00 101255.2 
6  5  31399.22 99  000000.00 101305.4 
4  5  31415.09 99  000000.00 101328.9 
2  5  31419.26 99  000000.00 101344.9 
0  10  31432.26 99  000000.00 101510.4 
2  10  31417.79 99  000000.00 101522.2 
4  10  31398.82 99  000000.00 101534.6 
6  10  31386.98 99  000000.00 101548.9 
8  10  31373.01 99  000000.00 101600.6 
10  10  31359.22 99  000000.00 101612.2 
12  10  31354.35 99  000000.00 101624.6 
14  10  31359.31 99  000000.00 101635.2 
16  10  31355.34 99  000000.00 101647.1 
18  10  31356.20 99  000000.00 101658.6 
20  10  31359.55 99  000000.00 101713.9 
22  10  31364.79 99  000000.00 101724.1 
24  10  31363.32 99  000000.00 101735.5 
26  10  31363.74 99  000000.00 101747.6 
28  10  31358.85 99  000000.00 101759.1 
30  10  31345.86 99  000000.00 101810.2 
32  10  31337.12 99  000000.00 101820.0 
34  10  31336.55 99  000000.00 101830.9 
36  10  31340.93 99  000000.00 101841.5 
38  10  31341.70 99  000000.00 101855.4 
40  10  31336.74 99  000000.00 101905.6 
42  10  31335.72 99  000000.00 101916.6 
44  10  31337.89 99  000000.00 101927.3 
46  10  31333.41 99  000000.00 101937.3 
48  10  31331.25 99  000000.00 101949.5 
50  10  31326.80 99  000000.00 102000.4 
52  10  31323.97 99  000000.00 102014.2 
54  10  31320.51 99  000000.00 102029.0 